0.000000	0.269235	0.264620	0.272548	0.269608	0.270676	0.265755	0.263431	0.261526	0.267425	0.267942	0.262186	0.263560	0.265774	0.267586	0.265674	0.263396	0.269604	0.271402	0.270931	0.268740	0.268014	0.267070	0.271588	0.263938	0.264842	0.265255	0.262735	0.266688	0.267853	0.271915	0.266516	0.269730	0.266094	0.270593	0.266973	0.263298	0.267959	0.272958	0.267316	0.267063	0.268482	0.260199	0.264663	0.268319	0.269358	0.264330	0.269894	0.265648	0.260183	0.267616	0.267630	0.268435	0.263263	0.271436	0.269554	0.269427	0.269257	0.266078	0.265364	0.266789	0.270514	0.267956	0.267702	0.263036	0.267781	0.267413	0.272988	0.270619	0.270426	0.264200	0.263398	0.264363	0.263868	0.269432	0.267310	0.266592	0.261976	0.269918	0.270217	0.271084	0.268384	0.264825	0.269378	0.264793	0.268148	0.268086	0.266679	0.270723	
0.269235	0.000000	0.266353	0.274668	0.265561	0.276844	0.270747	0.266399	0.268796	0.272363	0.269182	0.267674	0.264683	0.270523	0.268303	0.271163	0.266109	0.264492	0.268112	0.274435	0.265742	0.269668	0.269201	0.272426	0.262900	0.270890	0.265073	0.267915	0.267599	0.264471	0.270802	0.265137	0.268146	0.271109	0.265995	0.268496	0.264078	0.270530	0.270303	0.270609	0.266753	0.265847	0.266808	0.268916	0.273131	0.272835	0.263757	0.272385	0.269612	0.270882	0.267778	0.270236	0.265017	0.268548	0.270432	0.266219	0.269167	0.269132	0.268777	0.273701	0.263790	0.265967	0.269670	0.273871	0.271228	0.268196	0.266298	0.272459	0.274841	0.273090	0.269857	0.270465	0.268303	0.270497	0.267574	0.271195	0.266477	0.266352	0.265909	0.269248	0.274112	0.269555	0.271151	0.270534	0.267727	0.270967	0.267386	0.268531	0.275127	
0.264620	0.266353	0.000000	0.259272	0.265827	0.265174	0.259617	0.260202	0.257294	0.264035	0.264804	0.258372	0.256692	0.267192	0.264724	0.263579	0.258272	0.257656	0.259679	0.265432	0.265204	0.261422	0.268364	0.262605	0.256349	0.264247	0.258488	0.258659	0.261044	0.255991	0.258493	0.264501	0.260296	0.263453	0.262803	0.263072	0.259420	0.258457	0.262679	0.263871	0.261827	0.261589	0.258612	0.259602	0.265601	0.262733	0.261867	0.264375	0.263458	0.257790	0.263001	0.265601	0.264060	0.264135	0.264480	0.257793	0.265858	0.262089	0.262409	0.261190	0.255146	0.257809	0.260359	0.265843	0.264530	0.260058	0.264240	0.265783	0.263564	0.263252	0.262259	0.261700	0.260617	0.258474	0.257003	0.260449	0.260294	0.263295	0.265240	0.265163	0.262099	0.259207	0.262570	0.265164	0.255804	0.262746	0.261415	0.259031	0.268290	
0.272548	0.274668	0.259272	0.000000	0.269253	0.270170	0.270420	0.266452	0.267007	0.267929	0.271646	0.266023	0.268574	0.268411	0.270202	0.263893	0.266017	0.264176	0.264617	0.271400	0.267806	0.272997	0.273617	0.274267	0.266723	0.268033	0.266677	0.262796	0.266103	0.266270	0.265571	0.271982	0.272527	0.268449	0.264150	0.267693	0.262690	0.262759	0.273562	0.266419	0.263892	0.270001	0.263991	0.266670	0.269145	0.273917	0.264979	0.270377	0.265928	0.264472	0.268892	0.266473	0.266663	0.267121	0.272323	0.268334	0.265758	0.272268	0.264427	0.269999	0.256954	0.270057	0.266529	0.273682	0.269497	0.268008	0.268019	0.273942	0.269242	0.274787	0.274457	0.261638	0.265205	0.264981	0.267730	0.268352	0.267636	0.263465	0.264583	0.265090	0.264765	0.270306	0.267278	0.268799	0.264171	0.266259	0.268626	0.267988	0.273400	
0.269608	0.265561	0.265827	0.269253	0.000000	0.264477	0.266042	0.265761	0.267043	0.272355	0.266959	0.263569	0.261252	0.266372	0.269108	0.268824	0.270557	0.266449	0.270305	0.273699	0.267046	0.268679	0.272234	0.271073	0.267244	0.268485	0.265127	0.269473	0.272389	0.267650	0.267926	0.266682	0.271096	0.262767	0.266982	0.264175	0.267272	0.266158	0.271127	0.268053	0.259517	0.269627	0.261770	0.262722	0.268450	0.269765	0.265167	0.271782	0.265093	0.268350	0.265366	0.272896	0.270580	0.267981	0.273320	0.268787	0.263518	0.270631	0.266734	0.264330	0.259407	0.267881	0.263896	0.270130	0.270112	0.265529	0.266039	0.276262	0.274870	0.268696	0.267481	0.270363	0.267382	0.269463	0.263598	0.270923	0.268570	0.268735	0.267888	0.270464	0.271552	0.268128	0.269843	0.274108	0.262142	0.268420	0.273197	0.266019	0.270632	
0.270676	0.276844	0.265174	0.270170	0.264477	0.000000	0.268418	0.267832	0.266122	0.269787	0.273466	0.267595	0.270955	0.267721	0.267360	0.268027	0.269134	0.268454	0.271793	0.275567	0.266845	0.269372	0.270192	0.272611	0.262234	0.272929	0.268114	0.267530	0.269868	0.266840	0.268745	0.269622	0.274649	0.266902	0.275589	0.275191	0.265827	0.265165	0.269643	0.271520	0.269059	0.265435	0.266174	0.265441	0.273383	0.270694	0.265500	0.270038	0.271800	0.270025	0.269432	0.267630	0.274886	0.273569	0.275206	0.272031	0.275537	0.272385	0.266299	0.271192	0.272782	0.272817	0.264602	0.275556	0.271692	0.271215	0.266839	0.276396	0.275697	0.277780	0.267342	0.272965	0.263094	0.266940	0.270475	0.275336	0.265271	0.269350	0.265094	0.269528	0.276345	0.273317	0.273958	0.274261	0.264832	0.265715	0.270214	0.270777	0.273670	
0.265755	0.270747	0.259617	0.270420	0.266042	0.268418	0.000000	0.265107	0.267921	0.274287	0.266158	0.263158	0.268678	0.270402	0.269516	0.273037	0.261385	0.261177	0.261524	0.271414	0.263632	0.270293	0.266451	0.272145	0.265862	0.262089	0.270132	0.262602	0.270711	0.270394	0.264957	0.276727	0.270480	0.266289	0.265327	0.272283	0.270624	0.266929	0.274026	0.271175	0.261197	0.262551	0.265333	0.266726	0.264616	0.273029	0.265574	0.268982	0.276374	0.265810	0.260492	0.257536	0.268427	0.267507	0.263714	0.264328	0.264962	0.263594	0.268976	0.257779	0.255137	0.265843	0.265258	0.266147	0.267469	0.266721	0.254794	0.271519	0.271349	0.273792	0.261946	0.270797	0.263313	0.266491	0.262580	0.273772	0.264508	0.270771	0.266040	0.265155	0.276090	0.269455	0.272577	0.272178	0.269542	0.263899	0.269984	0.271542	0.274390	
0.263431	0.266399	0.260202	0.266452	0.265761	0.267832	0.265107	0.000000	0.257922	0.263429	0.261013	0.261376	0.261931	0.266247	0.264572	0.261120	0.265849	0.262836	0.263042	0.264078	0.260994	0.265760	0.263035	0.271910	0.256968	0.268314	0.261202	0.266787	0.263949	0.266667	0.263099	0.262579	0.261602	0.262939	0.266587	0.259694	0.263654	0.263424	0.266579	0.264941	0.267183	0.262962	0.261270	0.267427	0.268496	0.267309	0.261180	0.266896	0.265797	0.258884	0.263338	0.261454	0.265191	0.261058	0.268800	0.266106	0.264711	0.265613	0.267105	0.261223	0.261195	0.264151	0.263347	0.267651	0.262414	0.259460	0.259949	0.270525	0.266748	0.269619	0.266502	0.264717	0.265952	0.260693	0.267993	0.264455	0.264268	0.258927	0.262764	0.261860	0.269783	0.265717	0.265507	0.270970	0.261606	0.266758	0.264987	0.265579	0.266904	
0.261526	0.268796	0.257294	0.267007	0.267043	0.266122	0.267921	0.257922	0.000000	0.267733	0.265204	0.261423	0.261642	0.264231	0.261703	0.264609	0.263355	0.262123	0.265836	0.267021	0.258305	0.265873	0.264437	0.268774	0.259633	0.265407	0.260075	0.265074	0.262671	0.265482	0.259877	0.263709	0.262065	0.263300	0.259478	0.267917	0.266028	0.263480	0.264526	0.262065	0.258565	0.263599	0.259315	0.260043	0.266679	0.265750	0.263359	0.267531	0.259048	0.258674	0.268299	0.267143	0.265440	0.261242	0.270231	0.260133	0.268856	0.263947	0.259347	0.260774	0.260199	0.265994	0.254422	0.268207	0.262275	0.262027	0.256079	0.266367	0.267353	0.266571	0.261960	0.265180	0.265639	0.258074	0.264334	0.261451	0.259486	0.259041	0.263533	0.265030	0.264225	0.267337	0.270578	0.264636	0.261924	0.262705	0.265004	0.261472	0.269499	
0.267425	0.272363	0.264035	0.267929	0.272355	0.269787	0.274287	0.263429	0.267733	0.000000	0.267225	0.263138	0.261281	0.268258	0.272715	0.265283	0.265513	0.263812	0.261942	0.273725	0.263695	0.270933	0.270923	0.271095	0.259500	0.270085	0.267306	0.267586	0.266708	0.271603	0.262739	0.270386	0.272373	0.266584	0.266380	0.268697	0.262259	0.267161	0.269131	0.265918	0.266103	0.262501	0.262390	0.264645	0.273407	0.272502	0.263070	0.271929	0.267018	0.266246	0.266927	0.272811	0.269270	0.260960	0.268719	0.267353	0.266700	0.271964	0.264990	0.268669	0.263762	0.267878	0.264863	0.270028	0.269284	0.261511	0.262216	0.270603	0.273253	0.271953	0.268380	0.269143	0.264417	0.260820	0.267782	0.273784	0.261717	0.263486	0.265113	0.264132	0.266000	0.267657	0.268414	0.271042	0.267892	0.264838	0.265188	0.264924	0.268327	
0.267942	0.269182	0.264804	0.271646	0.266959	0.273466	0.266158	0.261013	0.265204	0.267225	0.000000	0.265874	0.263053	0.267001	0.267864	0.268237	0.262153	0.262622	0.272305	0.270083	0.265530	0.264312	0.272556	0.267873	0.263112	0.268958	0.267228	0.263228	0.268789	0.266601	0.266969	0.265012	0.271543	0.261706	0.266412	0.268057	0.264892	0.268286	0.271052	0.266152	0.264088	0.267259	0.259064	0.264188	0.266349	0.271643	0.265306	0.269204	0.269248	0.263988	0.267608	0.269217	0.268638	0.269009	0.270244	0.267707	0.269160	0.270747	0.264773	0.269199	0.264834	0.267498	0.266024	0.267271	0.271586	0.271192	0.267992	0.270943	0.274906	0.270719	0.266327	0.262498	0.265447	0.266843	0.265893	0.265549	0.267532	0.263468	0.263457	0.267369	0.268408	0.269030	0.268001	0.269662	0.263891	0.263731	0.270705	0.263168	0.271268	
0.262186	0.267674	0.258372	0.266023	0.263569	0.267595	0.263158	0.261376	0.261423	0.263138	0.265874	0.000000	0.261560	0.259403	0.268226	0.267089	0.260689	0.260681	0.264022	0.269013	0.265816	0.264203	0.263788	0.267398	0.261144	0.264813	0.262644	0.263917	0.269104	0.263667	0.266249	0.266297	0.262121	0.263345	0.266288	0.264719	0.264208	0.263069	0.264514	0.265379	0.260738	0.261789	0.261942	0.258631	0.263523	0.273241	0.257695	0.264070	0.263285	0.263951	0.262615	0.265517	0.266767	0.265959	0.267977	0.262221	0.267870	0.267734	0.265222	0.268645	0.256252	0.271375	0.258505	0.262196	0.262600	0.262986	0.265992	0.270232	0.268756	0.271378	0.261676	0.262686	0.262805	0.258059	0.263758	0.261290	0.262656	0.266296	0.259382	0.265365	0.266522	0.263550	0.262696	0.265313	0.264773	0.260142	0.264607	0.268144	0.267418	
0.263560	0.264683	0.256692	0.268574	0.261252	0.270955	0.268678	0.261931	0.261642	0.261281	0.263053	0.261560	0.000000	0.264620	0.262908	0.262567	0.265801	0.262997	0.261937	0.266115	0.263672	0.260962	0.266930	0.269660	0.260351	0.263383	0.263267	0.264523	0.265466	0.260973	0.260366	0.262259	0.262447	0.265727	0.262816	0.264754	0.266700	0.264401	0.265556	0.265295	0.258789	0.269995	0.262074	0.262628	0.264758	0.261670	0.264744	0.267581	0.269221	0.265116	0.264614	0.263454	0.264366	0.263962	0.266054	0.265341	0.266001	0.261491	0.262725	0.262828	0.257984	0.259839	0.262448	0.268111	0.268461	0.265134	0.261557	0.269209	0.268486	0.265981	0.268604	0.264180	0.263728	0.262315	0.266232	0.264182	0.261720	0.265293	0.263607	0.258012	0.268065	0.263464	0.264395	0.273204	0.260734	0.260684	0.261340	0.261698	0.273639	
0.265774	0.270523	0.267192	0.268411	0.266372	0.267721	0.270402	0.266247	0.264231	0.268258	0.267001	0.259403	0.264620	0.000000	0.265738	0.265065	0.262770	0.264427	0.264964	0.268413	0.265375	0.265780	0.264761	0.270702	0.264805	0.265640	0.265892	0.264605	0.267011	0.263267	0.264916	0.262939	0.263968	0.265021	0.269154	0.270351	0.263260	0.265655	0.269043	0.262601	0.262519	0.260940	0.258670	0.264618	0.266605	0.269128	0.266741	0.267466	0.270458	0.266400	0.264452	0.272140	0.267012	0.261945	0.264687	0.264733	0.268628	0.267099	0.267257	0.265305	0.262413	0.264539	0.263716	0.269634	0.268985	0.261796	0.267039	0.274083	0.273948	0.267434	0.266375	0.262954	0.269674	0.260483	0.264699	0.262601	0.266354	0.265501	0.267897	0.264518	0.268208	0.262577	0.265757	0.269756	0.265285	0.262641	0.270017	0.264946	0.265149	
0.267586	0.268303	0.264724	0.270202	0.269108	0.267360	0.269516	0.264572	0.261703	0.272715	0.267864	0.268226	0.262908	0.265738	0.000000	0.262675	0.265439	0.267966	0.266470	0.272963	0.267079	0.265314	0.270479	0.270115	0.262358	0.266186	0.268924	0.267125	0.271167	0.268302	0.263340	0.262110	0.268829	0.268011	0.267495	0.267895	0.266124	0.266711	0.270493	0.265688	0.260921	0.267081	0.261456	0.261624	0.267985	0.265739	0.264128	0.271810	0.262862	0.265901	0.266181	0.267771	0.271466	0.267087	0.266593	0.271403	0.268561	0.266174	0.261884	0.266142	0.266040	0.268306	0.264814	0.274829	0.270127	0.266662	0.266538	0.274763	0.269178	0.271357	0.270353	0.268643	0.263308	0.265460	0.265700	0.275044	0.263187	0.264066	0.265211	0.262210	0.271730	0.266405	0.269716	0.267017	0.264380	0.266293	0.266722	0.264793	0.270452	
0.265674	0.271163	0.263579	0.263893	0.268824	0.268027	0.273037	0.261120	0.264609	0.265283	0.268237	0.267089	0.262567	0.265065	0.262675	0.000000	0.262386	0.268450	0.260881	0.272574	0.264617	0.266453	0.267016	0.268228	0.264237	0.267988	0.264549	0.267706	0.264455	0.262376	0.261125	0.264032	0.265220	0.263693	0.267200	0.264007	0.261081	0.264444	0.273504	0.264249	0.260875	0.271332	0.260950	0.266716	0.268526	0.266628	0.269142	0.271209	0.265016	0.267656	0.264706	0.266758	0.265972	0.263010	0.264804	0.264865	0.261036	0.265727	0.265017	0.269010	0.264509	0.267269	0.264937	0.270353	0.265933	0.263278	0.263750	0.272504	0.267258	0.267059	0.260383	0.264462	0.261430	0.266306	0.258691	0.268911	0.262867	0.259701	0.260474	0.265367	0.265685	0.260968	0.264398	0.268874	0.268989	0.265966	0.261826	0.266702	0.270971	
0.263396	0.266109	0.258272	0.266017	0.270557	0.269134	0.261385	0.265849	0.263355	0.265513	0.262153	0.260689	0.265801	0.262770	0.265439	0.262386	0.000000	0.265102	0.264669	0.266895	0.261894	0.265892	0.267577	0.270106	0.260970	0.268270	0.263377	0.261890	0.266359	0.263823	0.264307	0.262815	0.262947	0.264369	0.266168	0.266440	0.258165	0.259093	0.263883	0.262956	0.260089	0.265047	0.258478	0.265222	0.262107	0.267653	0.263967	0.272193	0.263621	0.263211	0.263761	0.267715	0.263227	0.263069	0.270294	0.264828	0.264003	0.271228	0.263670	0.265125	0.259227	0.274422	0.263041	0.266326	0.266321	0.261644	0.262044	0.269004	0.264961	0.268378	0.265320	0.266934	0.265063	0.257625	0.262277	0.265681	0.262105	0.262831	0.264844	0.257647	0.263187	0.264709	0.264753	0.267630	0.257146	0.261665	0.261969	0.264967	0.266280	
0.269604	0.264492	0.257656	0.264176	0.266449	0.268454	0.261177	0.262836	0.262123	0.263812	0.262622	0.260681	0.262997	0.264427	0.267966	0.268450	0.265102	0.000000	0.265121	0.270815	0.260979	0.260467	0.264083	0.266289	0.258955	0.262113	0.261642	0.262867	0.264401	0.259918	0.263529	0.265449	0.260996	0.265973	0.264519	0.265216	0.258891	0.268854	0.264150	0.268162	0.261460	0.263302	0.258626	0.260222	0.264943	0.263155	0.260379	0.266041	0.262474	0.264251	0.263088	0.264425	0.268838	0.268267	0.266719	0.264557	0.264713	0.270270	0.263001	0.266949	0.258361	0.267762	0.264669	0.261834	0.260238	0.263404	0.260655	0.269964	0.261913	0.271626	0.267354	0.267467	0.262889	0.258653	0.264613	0.262606	0.261780	0.268103	0.261429	0.267332	0.268142	0.264526	0.263538	0.266306	0.260686	0.259374	0.261369	0.262859	0.273708	
0.271402	0.268112	0.259679	0.264617	0.270305	0.271793	0.261524	0.263042	0.265836	0.261942	0.272305	0.264022	0.261937	0.264964	0.266470	0.260881	0.264669	0.265121	0.000000	0.266557	0.262228	0.265855	0.265355	0.276112	0.258191	0.266923	0.261578	0.264530	0.263189	0.264893	0.265385	0.265016	0.270697	0.267112	0.265721	0.264951	0.270855	0.261733	0.268091	0.263811	0.260746	0.268662	0.259007	0.267789	0.269732	0.267486	0.266273	0.267227	0.264636	0.264774	0.264279	0.265571	0.264030	0.263391	0.267546	0.263399	0.260265	0.273260	0.262988	0.262691	0.261488	0.264053	0.262786	0.262343	0.268012	0.261449	0.260111	0.276236	0.268442	0.266283	0.266782	0.261512	0.262528	0.262224	0.265828	0.264326	0.265628	0.265856	0.261183	0.266406	0.270135	0.263669	0.262590	0.271331	0.261867	0.264673	0.260179	0.264273	0.272063	
0.270931	0.274435	0.265432	0.271400	0.273699	0.275567	0.271414	0.264078	0.267021	0.273725	0.270083	0.269013	0.266115	0.268413	0.272963	0.272574	0.266895	0.270815	0.266557	0.000000	0.270252	0.268214	0.264104	0.272143	0.265069	0.275431	0.266516	0.268488	0.274245	0.268743	0.267604	0.267848	0.272234	0.272470	0.269191	0.273368	0.268139	0.272163	0.274332	0.267643	0.261425	0.267793	0.264736	0.267999	0.273492	0.269786	0.268855	0.274458	0.271011	0.270388	0.271394	0.273032	0.264872	0.267387	0.272933	0.274865	0.269133	0.267599	0.272784	0.271898	0.262402	0.270579	0.269851	0.274697	0.270041	0.264727	0.266780	0.277020	0.276794	0.279518	0.278183	0.273126	0.268705	0.266903	0.273560	0.273086	0.266580	0.265623	0.266565	0.271930	0.272716	0.274118	0.269286	0.269984	0.267067	0.263753	0.268528	0.266804	0.276409	
0.268740	0.265742	0.265204	0.267806	0.267046	0.266845	0.263632	0.260994	0.258305	0.263695	0.265530	0.265816	0.263672	0.265375	0.267079	0.264617	0.261894	0.260979	0.262228	0.270252	0.000000	0.263943	0.267051	0.270048	0.264677	0.264309	0.267358	0.261146	0.262476	0.261336	0.265174	0.265916	0.263882	0.262092	0.264226	0.265608	0.260892	0.262798	0.264634	0.266928	0.261992	0.264207	0.259675	0.264637	0.265900	0.270882	0.263646	0.269140	0.266517	0.258980	0.267471	0.264566	0.265619	0.263548	0.265721	0.265725	0.261609	0.262989	0.259777	0.260514	0.258623	0.262057	0.262508	0.267816	0.267674	0.262159	0.262975	0.271634	0.270917	0.272664	0.261791	0.265366	0.261969	0.261310	0.262940	0.265091	0.263149	0.267073	0.264161	0.264581	0.267696	0.264671	0.264871	0.267269	0.256807	0.261735	0.263562	0.263350	0.273780	
0.268014	0.269668	0.261422	0.272997	0.268679	0.269372	0.270293	0.265760	0.265873	0.270933	0.264312	0.264203	0.260962	0.265780	0.265314	0.266453	0.265892	0.260467	0.265855	0.268214	0.263943	0.000000	0.267018	0.271098	0.261338	0.270168	0.262886	0.262276	0.263567	0.265076	0.265367	0.263493	0.261500	0.263253	0.266215	0.265809	0.266308	0.262075	0.267501	0.269089	0.265757	0.267136	0.256334	0.261275	0.269445	0.272558	0.265350	0.267823	0.271220	0.267470	0.267985	0.269756	0.268304	0.265229	0.269397	0.264874	0.266114	0.271457	0.261402	0.267819	0.262827	0.265370	0.264682	0.268710	0.269587	0.262718	0.263302	0.268563	0.268696	0.269596	0.264659	0.267963	0.265210	0.265733	0.267236	0.263717	0.266003	0.263399	0.267137	0.262839	0.265345	0.269002	0.273958	0.265909	0.261776	0.262061	0.269711	0.262027	0.270462	
0.267070	0.269201	0.268364	0.273617	0.272234	0.270192	0.266451	0.263035	0.264437	0.270923	0.272556	0.263788	0.266930	0.264761	0.270479	0.267016	0.267577	0.264083	0.265355	0.264104	0.267051	0.267018	0.000000	0.280528	0.264608	0.265516	0.264280	0.267756	0.266726	0.262709	0.270708	0.264063	0.267587	0.263190	0.267839	0.269546	0.268229	0.268575	0.271600	0.269840	0.266604	0.265687	0.265248	0.265981	0.266711	0.268960	0.261119	0.270497	0.269091	0.266822	0.271512	0.268486	0.270335	0.271251	0.270055	0.269368	0.268715	0.266678	0.263467	0.268782	0.263645	0.270472	0.260358	0.272867	0.268981	0.266127	0.264048	0.277516	0.270138	0.275579	0.266029	0.264889	0.269272	0.265236	0.268414	0.269435	0.266778	0.267376	0.264129	0.271303	0.272091	0.267137	0.268205	0.268368	0.265109	0.268339	0.269626	0.273334	0.271022	
0.271588	0.272426	0.262605	0.274267	0.271073	0.272611	0.272145	0.271910	0.268774	0.271095	0.267873	0.267398	0.269660	0.270702	0.270115	0.268228	0.270106	0.266289	0.276112	0.272143	0.270048	0.271098	0.280528	0.000000	0.264314	0.273275	0.268794	0.260579	0.270270	0.271425	0.267438	0.267310	0.268062	0.266957	0.271119	0.272064	0.269872	0.266099	0.277329	0.273967	0.268654	0.268950	0.265158	0.263078	0.272020	0.268592	0.265648	0.274521	0.268314	0.269281	0.269385	0.273679	0.270622	0.271474	0.273802	0.274111	0.271240	0.277860	0.265635	0.272774	0.266130	0.265221	0.268264	0.277127	0.267438	0.273785	0.266319	0.277250	0.273662	0.275066	0.270034	0.269065	0.266896	0.266083	0.268514	0.270121	0.264850	0.267424	0.268915	0.268324	0.275500	0.271773	0.269925	0.274550	0.265914	0.271617	0.270153	0.266055	0.273861	
0.263938	0.262900	0.256349	0.266723	0.267244	0.262234	0.265862	0.256968	0.259633	0.259500	0.263112	0.261144	0.260351	0.264805	0.262358	0.264237	0.260970	0.258955	0.258191	0.265069	0.264677	0.261338	0.264608	0.264314	0.000000	0.259513	0.260579	0.256928	0.260402	0.261393	0.258846	0.264028	0.265048	0.260411	0.260699	0.259321	0.259527	0.262738	0.271726	0.261461	0.256963	0.266114	0.254925	0.263971	0.269688	0.266350	0.261675	0.269563	0.263469	0.260152	0.267484	0.264094	0.267433	0.264046	0.265285	0.262413	0.269712	0.263143	0.266899	0.265811	0.255641	0.261124	0.261521	0.263988	0.264227	0.266261	0.264401	0.270210	0.263794	0.267077	0.261243	0.265139	0.261208	0.257241	0.263286	0.262533	0.262063	0.259499	0.261049	0.260687	0.265693	0.264539	0.265881	0.268785	0.257847	0.263049	0.264140	0.260144	0.266976	
0.264842	0.270890	0.264247	0.268033	0.268485	0.272929	0.262089	0.268314	0.265407	0.270085	0.268958	0.264813	0.263383	0.265640	0.266186	0.267988	0.268270	0.262113	0.266923	0.275431	0.264309	0.270168	0.265516	0.273275	0.259513	0.000000	0.266982	0.265011	0.268959	0.265865	0.266618	0.264381	0.266522	0.270634	0.267153	0.268964	0.264711	0.262977	0.270069	0.266838	0.258352	0.265225	0.260085	0.263664	0.271262	0.269664	0.269276	0.268384	0.269761	0.264608	0.268612	0.266541	0.267396	0.265812	0.268954	0.268225	0.268376	0.265549	0.267751	0.267597	0.262133	0.268239	0.263923	0.273471	0.271926	0.266304	0.264479	0.271158	0.269725	0.270342	0.262255	0.264844	0.263515	0.256365	0.263052	0.269522	0.263523	0.264943	0.263277	0.265905	0.273071	0.264864	0.265837	0.271495	0.265652	0.262895	0.271230	0.266260	0.272697	
0.265255	0.265073	0.258488	0.266677	0.265127	0.268114	0.270132	0.261202	0.260075	0.267306	0.267228	0.262644	0.263267	0.265892	0.268924	0.264549	0.263377	0.261642	0.261578	0.266516	0.267358	0.262886	0.264280	0.268794	0.260579	0.266982	0.000000	0.259872	0.263958	0.263934	0.264687	0.262184	0.264492	0.263596	0.263126	0.265001	0.263874	0.268891	0.263030	0.267140	0.265097	0.259849	0.261803	0.264868	0.271347	0.265150	0.260652	0.266760	0.263978	0.267948	0.262647	0.264219	0.264228	0.265191	0.265616	0.263243	0.261857	0.264609	0.262613	0.266140	0.258529	0.265522	0.262762	0.266101	0.265892	0.263987	0.266753	0.270868	0.267902	0.271002	0.264780	0.263509	0.267060	0.261300	0.266172	0.263932	0.262181	0.261411	0.259903	0.264434	0.264736	0.266238	0.264002	0.268476	0.262635	0.256821	0.264950	0.264619	0.272946	
0.262735	0.267915	0.258659	0.262796	0.269473	0.267530	0.262602	0.266787	0.265074	0.267586	0.263228	0.263917	0.264523	0.264605	0.267125	0.267706	0.261890	0.262867	0.264530	0.268488	0.261146	0.262276	0.267756	0.260579	0.256928	0.265011	0.259872	0.000000	0.261937	0.256982	0.262888	0.262562	0.265682	0.265624	0.270104	0.263350	0.261600	0.261386	0.266529	0.263046	0.263600	0.261523	0.260155	0.260155	0.269032	0.264384	0.261611	0.272584	0.263745	0.260058	0.266466	0.269145	0.265126	0.265172	0.267191	0.269992	0.262080	0.262557	0.259529	0.266711	0.261575	0.262543	0.267758	0.264950	0.269080	0.259880	0.263326	0.264649	0.272476	0.266280	0.262985	0.263260	0.256774	0.259438	0.263967	0.265974	0.259577	0.261865	0.263155	0.258739	0.267193	0.264241	0.263109	0.264989	0.261285	0.259705	0.261313	0.267043	0.267297	
0.266688	0.267599	0.261044	0.266103	0.272389	0.269868	0.270711	0.263949	0.262671	0.266708	0.268789	0.269104	0.265466	0.267011	0.271167	0.264455	0.266359	0.264401	0.263189	0.274245	0.262476	0.263567	0.266726	0.270270	0.260402	0.268959	0.263958	0.261937	0.000000	0.262454	0.265273	0.268778	0.269088	0.267129	0.266726	0.268353	0.265083	0.263314	0.271580	0.266459	0.261207	0.269167	0.263149	0.262574	0.264338	0.269482	0.262930	0.265629	0.270031	0.269912	0.268129	0.269511	0.264435	0.270130	0.272531	0.267401	0.266852	0.266273	0.261652	0.262308	0.265151	0.269017	0.268017	0.269475	0.264507	0.266568	0.263815	0.275938	0.267081	0.272313	0.269946	0.266458	0.264676	0.264471	0.267297	0.266533	0.267979	0.262104	0.266446	0.268899	0.268960	0.268369	0.270184	0.268724	0.260895	0.264678	0.262480	0.272493	0.272924	
0.267853	0.264471	0.255991	0.266270	0.267650	0.266840	0.270394	0.266667	0.265482	0.271603	0.266601	0.263667	0.260973	0.263267	0.268302	0.262376	0.263823	0.259918	0.264893	0.268743	0.261336	0.265076	0.262709	0.271425	0.261393	0.265865	0.263934	0.256982	0.262454	0.000000	0.260297	0.262959	0.265620	0.267549	0.265418	0.265304	0.258613	0.261624	0.268800	0.270148	0.260674	0.263090	0.257593	0.263842	0.268906	0.269042	0.266055	0.263675	0.268709	0.266765	0.269689	0.270199	0.263185	0.261086	0.269886	0.263983	0.266475	0.267548	0.265189	0.268814	0.260578	0.273009	0.265033	0.268091	0.263379	0.265256	0.266606	0.270071	0.271938	0.269598	0.269215	0.269042	0.267402	0.263311	0.258859	0.264600	0.260195	0.268641	0.263878	0.262722	0.264911	0.267910	0.266162	0.270840	0.262050	0.264670	0.267395	0.266534	0.269542	
0.271915	0.270802	0.258493	0.265571	0.267926	0.268745	0.264957	0.263099	0.259877	0.262739	0.266969	0.266249	0.260366	0.264916	0.263340	0.261125	0.264307	0.263529	0.265385	0.267604	0.265174	0.265367	0.270708	0.267438	0.258846	0.266618	0.264687	0.262888	0.265273	0.260297	0.000000	0.256535	0.268548	0.265064	0.264976	0.266955	0.262937	0.263473	0.266373	0.265462	0.263253	0.268059	0.262123	0.263426	0.268952	0.264819	0.263847	0.267275	0.266271	0.263430	0.269581	0.260262	0.263656	0.265520	0.271865	0.265892	0.260503	0.266649	0.264098	0.263939	0.261816	0.265943	0.262290	0.266604	0.267511	0.263778	0.264061	0.269689	0.267105	0.271703	0.257452	0.264890	0.261923	0.264433	0.267060	0.270627	0.263080	0.259165	0.261536	0.262411	0.272869	0.266881	0.267661	0.267246	0.259045	0.264009	0.263858	0.258660	0.267248	
0.266516	0.265137	0.264501	0.271982	0.266682	0.269622	0.276727	0.262579	0.263709	0.270386	0.265012	0.266297	0.262259	0.262939	0.262110	0.264032	0.262815	0.265449	0.265016	0.267848	0.265916	0.263493	0.264063	0.267310	0.264028	0.264381	0.262184	0.262562	0.268778	0.262959	0.256535	0.000000	0.263336	0.269140	0.265696	0.266339	0.266671	0.263442	0.265584	0.265631	0.259335	0.264291	0.259534	0.263835	0.265965	0.270940	0.263246	0.271518	0.263278	0.261654	0.265068	0.265719	0.269947	0.265252	0.270356	0.270768	0.268584	0.266563	0.272329	0.262758	0.258940	0.272154	0.267049	0.269307	0.270986	0.263793	0.266864	0.268155	0.273999	0.268262	0.266721	0.263546	0.262605	0.266063	0.264246	0.266779	0.265375	0.263041	0.262633	0.267975	0.261358	0.266442	0.263013	0.271359	0.259723	0.264119	0.265486	0.261596	0.274110	
0.269730	0.268146	0.260296	0.272527	0.271096	0.274649	0.270480	0.261602	0.262065	0.272373	0.271543	0.262121	0.262447	0.263968	0.268829	0.265220	0.262947	0.260996	0.270697	0.272234	0.263882	0.261500	0.267587	0.268062	0.265048	0.266522	0.264492	0.265682	0.269088	0.265620	0.268548	0.263336	0.000000	0.269243	0.262762	0.267547	0.262545	0.262708	0.269881	0.269651	0.259669	0.263301	0.256599	0.263141	0.272558	0.271338	0.261777	0.269020	0.265338	0.262272	0.269398	0.266271	0.271556	0.268963	0.271505	0.267246	0.264354	0.272476	0.261743	0.268638	0.259530	0.263021	0.268620	0.273474	0.267727	0.263283	0.265137	0.271408	0.273313	0.274134	0.266218	0.265541	0.262817	0.267490	0.263915	0.266316	0.264954	0.263419	0.257704	0.265753	0.268302	0.265171	0.269023	0.270389	0.264919	0.263894	0.267832	0.266659	0.270332	
0.266094	0.271109	0.263453	0.268449	0.262767	0.266902	0.266289	0.262939	0.263300	0.266584	0.261706	0.263345	0.265727	0.265021	0.268011	0.263693	0.264369	0.265973	0.267112	0.272470	0.262092	0.263253	0.263190	0.266957	0.260411	0.270634	0.263596	0.265624	0.267129	0.267549	0.265064	0.269140	0.269243	0.000000	0.261706	0.268501	0.264461	0.263011	0.264346	0.260972	0.261317	0.267675	0.264031	0.260846	0.270186	0.267454	0.266234	0.271401	0.268211	0.263061	0.265866	0.269068	0.269113	0.264383	0.269760	0.263451	0.263337	0.270949	0.263629	0.263404	0.261832	0.268625	0.259619	0.271090	0.265255	0.266252	0.267782	0.273715	0.273039	0.270138	0.265810	0.264093	0.260442	0.259686	0.267023	0.265992	0.264266	0.266353	0.263787	0.260460	0.267290	0.267378	0.270720	0.268100	0.261787	0.263975	0.264998	0.263975	0.270896	
0.270593	0.265995	0.262803	0.264150	0.266982	0.275589	0.265327	0.266587	0.259478	0.266380	0.266412	0.266288	0.262816	0.269154	0.267495	0.267200	0.266168	0.264519	0.265721	0.269191	0.264226	0.266215	0.267839	0.271119	0.260699	0.267153	0.263126	0.270104	0.266726	0.265418	0.264976	0.265696	0.262762	0.261706	0.000000	0.270554	0.266725	0.262591	0.264491	0.266621	0.263553	0.265665	0.263293	0.265218	0.270612	0.269386	0.263076	0.269302	0.263568	0.263511	0.267168	0.266101	0.268671	0.265781	0.269966	0.265984	0.263701	0.270213	0.267757	0.271498	0.262902	0.270694	0.265793	0.267207	0.265296	0.266755	0.267105	0.271018	0.274619	0.270492	0.270669	0.260531	0.268437	0.262464	0.264848	0.268179	0.265975	0.263058	0.261587	0.264948	0.268942	0.266699	0.270685	0.267430	0.261420	0.260479	0.271910	0.267641	0.268510	
0.266973	0.268496	0.263072	0.267693	0.264175	0.275191	0.272283	0.259694	0.267917	0.268697	0.268057	0.264719	0.264754	0.270351	0.267895	0.264007	0.266440	0.265216	0.264951	0.273368	0.265608	0.265809	0.269546	0.272064	0.259321	0.268964	0.265001	0.263350	0.268353	0.265304	0.266955	0.266339	0.267547	0.268501	0.270554	0.000000	0.265615	0.263215	0.265276	0.265633	0.264187	0.269191	0.261995	0.270373	0.273386	0.270933	0.269039	0.269195	0.265243	0.265972	0.271288	0.271209	0.269860	0.266745	0.270997	0.272211	0.274358	0.268875	0.267495	0.268014	0.260747	0.269705	0.263666	0.270999	0.266595	0.265936	0.268344	0.275473	0.270539	0.269519	0.262726	0.264615	0.267443	0.268653	0.268104	0.264589	0.265935	0.264599	0.269732	0.263104	0.270997	0.268856	0.268755	0.268019	0.264039	0.268660	0.270229	0.265533	0.273505	
0.263298	0.264078	0.259420	0.262690	0.267272	0.265827	0.270624	0.263654	0.266028	0.262259	0.264892	0.264208	0.266700	0.263260	0.266124	0.261081	0.258165	0.258891	0.270855	0.268139	0.260892	0.266308	0.268229	0.269872	0.259527	0.264711	0.263874	0.261600	0.265083	0.258613	0.262937	0.266671	0.262545	0.264461	0.266725	0.265615	0.000000	0.261347	0.271482	0.266841	0.264031	0.263492	0.261937	0.263399	0.264565	0.265030	0.259118	0.268069	0.270456	0.264361	0.266631	0.265590	0.266070	0.265052	0.268230	0.266280	0.263812	0.266793	0.264748	0.262018	0.262452	0.268412	0.261808	0.262350	0.264997	0.262186	0.260100	0.270226	0.268934	0.271730	0.266428	0.264567	0.262265	0.259202	0.265467	0.266742	0.266812	0.261127	0.264466	0.265114	0.269923	0.267349	0.268504	0.267355	0.264874	0.265808	0.263188	0.263077	0.270638	
0.267959	0.270530	0.258457	0.262759	0.266158	0.265165	0.266929	0.263424	0.263480	0.267161	0.268286	0.263069	0.264401	0.265655	0.266711	0.264444	0.259093	0.268854	0.261733	0.272163	0.262798	0.262075	0.268575	0.266099	0.262738	0.262977	0.268891	0.261386	0.263314	0.261624	0.263473	0.263442	0.262708	0.263011	0.262591	0.263215	0.261347	0.000000	0.259969	0.264401	0.262047	0.266887	0.261396	0.261163	0.263906	0.267010	0.260598	0.267125	0.263762	0.263488	0.269599	0.270275	0.263482	0.262192	0.270444	0.265416	0.262358	0.263191	0.263213	0.266178	0.255644	0.266012	0.261035	0.270283	0.269276	0.261911	0.262154	0.266554	0.267215	0.262825	0.260953	0.266293	0.261423	0.263916	0.258468	0.264022	0.262318	0.261136	0.256467	0.262144	0.266367	0.261959	0.269380	0.267034	0.258271	0.261179	0.264540	0.264939	0.269898	
0.272958	0.270303	0.262679	0.273562	0.271127	0.269643	0.274026	0.266579	0.264526	0.269131	0.271052	0.264514	0.265556	0.269043	0.270493	0.273504	0.263883	0.264150	0.268091	0.274332	0.264634	0.267501	0.271600	0.277329	0.271726	0.270069	0.263030	0.266529	0.271580	0.268800	0.266373	0.265584	0.269881	0.264346	0.264491	0.265276	0.271482	0.259969	0.000000	0.267556	0.265740	0.272921	0.261293	0.266300	0.271370	0.269746	0.266812	0.269488	0.268553	0.269052	0.273081	0.267544	0.272793	0.269206	0.270689	0.271807	0.273314	0.271859	0.262140	0.267566	0.265560	0.269947	0.267553	0.273398	0.271929	0.267456	0.270604	0.276696	0.269842	0.271190	0.267174	0.265973	0.265883	0.263226	0.270528	0.270225	0.269411	0.266279	0.265228	0.270706	0.268576	0.268555	0.270010	0.268477	0.265726	0.268595	0.268474	0.264975	0.275993	
0.267316	0.270609	0.263871	0.266419	0.268053	0.271520	0.271175	0.264941	0.262065	0.265918	0.266152	0.265379	0.265295	0.262601	0.265688	0.264249	0.262956	0.268162	0.263811	0.267643	0.266928	0.269089	0.269840	0.273967	0.261461	0.266838	0.267140	0.263046	0.266459	0.270148	0.265462	0.265631	0.269651	0.260972	0.266621	0.265633	0.266841	0.264401	0.267556	0.000000	0.263911	0.267541	0.260444	0.271014	0.274115	0.270511	0.263356	0.268611	0.265307	0.264246	0.267955	0.273713	0.267554	0.267325	0.275233	0.268260	0.268201	0.262561	0.264097	0.263137	0.260787	0.267087	0.263650	0.277370	0.271177	0.263203	0.267203	0.274076	0.271524	0.271259	0.264990	0.261878	0.263151	0.263918	0.265212	0.267530	0.267291	0.265185	0.265090	0.263568	0.270273	0.267706	0.268959	0.273084	0.263246	0.269197	0.261814	0.266851	0.265978	
0.267063	0.266753	0.261827	0.263892	0.259517	0.269059	0.261197	0.267183	0.258565	0.266103	0.264088	0.260738	0.258789	0.262519	0.260921	0.260875	0.260089	0.261460	0.260746	0.261425	0.261992	0.265757	0.266604	0.268654	0.256963	0.258352	0.265097	0.263600	0.261207	0.260674	0.263253	0.259335	0.259669	0.261317	0.263553	0.264187	0.264031	0.262047	0.265740	0.263911	0.000000	0.260109	0.254045	0.255636	0.263443	0.264222	0.265842	0.268885	0.266548	0.266595	0.259603	0.264621	0.261607	0.265964	0.264088	0.265944	0.260668	0.263082	0.259162	0.266391	0.257112	0.265690	0.260453	0.265680	0.264488	0.259122	0.258848	0.266980	0.267755	0.264301	0.260369	0.258760	0.259641	0.258678	0.258525	0.265573	0.257205	0.261027	0.263403	0.263918	0.267938	0.265044	0.262425	0.262771	0.257724	0.260690	0.262059	0.259847	0.267936	
0.268482	0.265847	0.261589	0.270001	0.269627	0.265435	0.262551	0.262962	0.263599	0.262501	0.267259	0.261789	0.269995	0.260940	0.267081	0.271332	0.265047	0.263302	0.268662	0.267793	0.264207	0.267136	0.265687	0.268950	0.266114	0.265225	0.259849	0.261523	0.269167	0.263090	0.268059	0.264291	0.263301	0.267675	0.265665	0.269191	0.263492	0.266887	0.272921	0.267541	0.260109	0.000000	0.260341	0.262271	0.266523	0.267901	0.263287	0.264107	0.275176	0.264550	0.264859	0.268226	0.266166	0.264656	0.267178	0.267977	0.268133	0.270084	0.262362	0.269015	0.258764	0.268414	0.263177	0.268482	0.269754	0.268966	0.268781	0.271653	0.267528	0.271025	0.267645	0.264267	0.269528	0.266355	0.270754	0.263687	0.265514	0.263566	0.264694	0.263771	0.266608	0.267342	0.269453	0.262072	0.264009	0.264106	0.267194	0.263896	0.269138	
0.260199	0.266808	0.258612	0.263991	0.261770	0.266174	0.265333	0.261270	0.259315	0.262390	0.259064	0.261942	0.262074	0.258670	0.261456	0.260950	0.258478	0.258626	0.259007	0.264736	0.259675	0.256334	0.265248	0.265158	0.254925	0.260085	0.261803	0.260155	0.263149	0.257593	0.262123	0.259534	0.256599	0.264031	0.263293	0.261995	0.261937	0.261396	0.261293	0.260444	0.254045	0.260341	0.000000	0.256184	0.265806	0.263799	0.260023	0.266709	0.261601	0.260387	0.264598	0.264976	0.258159	0.260098	0.265140	0.263114	0.261698	0.267046	0.261892	0.256330	0.251897	0.266888	0.262128	0.262185	0.260640	0.266925	0.261809	0.267915	0.265176	0.267749	0.260374	0.260120	0.260701	0.257188	0.258956	0.260858	0.260596	0.262331	0.256505	0.256815	0.262989	0.267401	0.263903	0.266026	0.259897	0.258704	0.258435	0.258500	0.266103	
0.264663	0.268916	0.259602	0.266670	0.262722	0.265441	0.266726	0.267427	0.260043	0.264645	0.264188	0.258631	0.262628	0.264618	0.261624	0.266716	0.265222	0.260222	0.267789	0.267999	0.264637	0.261275	0.265981	0.263078	0.263971	0.263664	0.264868	0.260155	0.262574	0.263842	0.263426	0.263835	0.263141	0.260846	0.265218	0.270373	0.263399	0.261163	0.266300	0.271014	0.255636	0.262271	0.256184	0.000000	0.265892	0.270930	0.264879	0.266496	0.267994	0.264460	0.268902	0.263460	0.263494	0.269744	0.271074	0.265528	0.266387	0.267572	0.262471	0.265472	0.258181	0.267954	0.257522	0.262169	0.264271	0.262244	0.261587	0.269827	0.271340	0.268115	0.263175	0.262258	0.264059	0.263128	0.262511	0.265792	0.259560	0.261688	0.263821	0.262090	0.263884	0.262784	0.263059	0.270279	0.261558	0.259830	0.263465	0.262779	0.272863	
0.268319	0.273131	0.265601	0.269145	0.268450	0.273383	0.264616	0.268496	0.266679	0.273407	0.266349	0.263523	0.264758	0.266605	0.267985	0.268526	0.262107	0.264943	0.269732	0.273492	0.265900	0.269445	0.266711	0.272020	0.269688	0.271262	0.271347	0.269032	0.264338	0.268906	0.268952	0.265965	0.272558	0.270186	0.270612	0.273386	0.264565	0.263906	0.271370	0.274115	0.263443	0.266523	0.265806	0.265892	0.000000	0.269567	0.264302	0.272686	0.267087	0.269731	0.262701	0.264715	0.265048	0.265527	0.268688	0.266404	0.270452	0.266878	0.266292	0.264916	0.265302	0.270679	0.259801	0.268079	0.264143	0.267727	0.266402	0.273517	0.268614	0.274747	0.272717	0.269816	0.268722	0.265950	0.267592	0.266631	0.262574	0.262944	0.260837	0.272397	0.269790	0.267794	0.268540	0.271492	0.266921	0.266706	0.269168	0.266264	0.271786	
0.269358	0.272835	0.262733	0.273917	0.269765	0.270694	0.273029	0.267309	0.265750	0.272502	0.271643	0.273241	0.261670	0.269128	0.265739	0.266628	0.267653	0.263155	0.267486	0.269786	0.270882	0.272558	0.268960	0.268592	0.266350	0.269664	0.265150	0.264384	0.269482	0.269042	0.264819	0.270940	0.271338	0.267454	0.269386	0.270933	0.265030	0.267010	0.269746	0.270511	0.264222	0.267901	0.263799	0.270930	0.269567	0.000000	0.259240	0.267482	0.270132	0.268556	0.267842	0.264958	0.266519	0.269132	0.265475	0.266796	0.266683	0.267318	0.267329	0.266226	0.261937	0.265920	0.264600	0.269759	0.268015	0.263828	0.268331	0.272230	0.274302	0.273503	0.271357	0.267338	0.266410	0.265520	0.268725	0.269099	0.265310	0.264281	0.268243	0.268958	0.272957	0.272498	0.264640	0.276373	0.264731	0.267842	0.267909	0.268906	0.278617	
0.264330	0.263757	0.261867	0.264979	0.265167	0.265500	0.265574	0.261180	0.263359	0.263070	0.265306	0.257695	0.264744	0.266741	0.264128	0.269142	0.263967	0.260379	0.266273	0.268855	0.263646	0.265350	0.261119	0.265648	0.261675	0.269276	0.260652	0.261611	0.262930	0.266055	0.263847	0.263246	0.261777	0.266234	0.263076	0.269039	0.259118	0.260598	0.266812	0.263356	0.265842	0.263287	0.260023	0.264879	0.264302	0.259240	0.000000	0.265122	0.263952	0.266199	0.260900	0.261758	0.261341	0.258133	0.262665	0.258249	0.257924	0.261739	0.268599	0.259013	0.256546	0.262775	0.261646	0.263059	0.260760	0.262246	0.258731	0.266021	0.273944	0.267851	0.262900	0.264819	0.266350	0.260671	0.262002	0.262871	0.266808	0.263262	0.260643	0.260403	0.269425	0.269506	0.265945	0.260046	0.261474	0.265990	0.267923	0.263194	0.270248	
0.269894	0.272385	0.264375	0.270377	0.271782	0.270038	0.268982	0.266896	0.267531	0.271929	0.269204	0.264070	0.267581	0.267466	0.271810	0.271209	0.272193	0.266041	0.267227	0.274458	0.269140	0.267823	0.270497	0.274521	0.269563	0.268384	0.266760	0.272584	0.265629	0.263675	0.267275	0.271518	0.269020	0.271401	0.269302	0.269195	0.268069	0.267125	0.269488	0.268611	0.268885	0.264107	0.266709	0.266496	0.272686	0.267482	0.265122	0.000000	0.271755	0.270160	0.268510	0.271806	0.267594	0.269719	0.271520	0.269215	0.276344	0.271316	0.265638	0.260454	0.262176	0.272942	0.262990	0.266114	0.270394	0.266764	0.268402	0.278133	0.279071	0.275425	0.266428	0.273677	0.269358	0.267065	0.267890	0.271513	0.277621	0.268233	0.268904	0.266893	0.274085	0.274546	0.268536	0.278010	0.269233	0.265758	0.269836	0.267285	0.275636	
0.265648	0.269612	0.263458	0.265928	0.265093	0.271800	0.276374	0.265797	0.259048	0.267018	0.269248	0.263285	0.269221	0.270458	0.262862	0.265016	0.263621	0.262474	0.264636	0.271011	0.266517	0.271220	0.269091	0.268314	0.263469	0.269761	0.263978	0.263745	0.270031	0.268709	0.266271	0.263278	0.265338	0.268211	0.263568	0.265243	0.270456	0.263762	0.268553	0.265307	0.266548	0.275176	0.261601	0.267994	0.267087	0.270132	0.263952	0.271755	0.000000	0.267902	0.266805	0.267432	0.267045	0.265082	0.267479	0.268509	0.265852	0.266630	0.267952	0.266467	0.260457	0.264995	0.267201	0.267679	0.267906	0.270078	0.267286	0.274082	0.270976	0.275635	0.268907	0.264888	0.262891	0.263358	0.262787	0.270072	0.262181	0.266903	0.265648	0.265974	0.265933	0.269960	0.268537	0.268051	0.262967	0.264851	0.266765	0.267881	0.274529	
